
mbot_distance=317.00
aimbot_range=360.00
aimbot_silent=1.00
aimbot_target_height=1.2
aimbot_target_priority=0.00
auto_alloc_equip=1.00
current_fps=3.00
custom_configs=[[10.0,[1.0,395.0],[6.0,375.0],[12.0,355.0],[18.0,325.0],[20.0,280.0],[22.0,290.0],[25.0,270.0],[35.0,250.0],[45.0,230.0],[50.0,213.0],[55.0,200.0],[60.0,188.0],[65.0,177.0],[70.0,167.0]],[20.0,[1.0,380.0],[6.0,360.0],[12.0,340.0],[18.0,313.0],[20.0,270.0],[22.0,281.0],[25.0,261.0],[35.0,242.0],[45.0,223.0],[50.0,207.0],[55.0,195.0],[60.0,183.0],[65.0,173.0],[70.0,163.0]],[40.0,[1.0,365.0],[6.0,345.0],[12.0,327.0],[18.0,300.0],[20.0,260.0],[22.0,273.0],[25.0,253.0],[35.0,235.0],[45.0,217.0],[50.0,201.0],[55.0,190.0],[60.0,178.0],[65.0,169.0],[70.0,159.0]],[60.0,[1.0,350.0],[6.0,333.0],[12.0,315.0],[18.0,290.0],[20.0,250.0],[22.0,265.0],[25.0,245.0],[35.0,228.0],[45.0,211.0],[50.0,195.0],[55.0,185.0],[60.0,174.0],[65.0,165.0],[70.0,156.0]],[80.0,[1.0,335.0],[6.0,320.0],[12.0,303.0],[18.0,280.0],[20.0,240.0],[22.0,258.0],[25.0,238.0],[35.0,221.0],[45.0,205.0],[50.0,190.0],[55.0,180.0],[60.0,170.0],[65.0,161.0],[70.0,153.0]],[100.0,[1.0,323.0],[6.0,307.0],[12.0,291.0],[18.0,270.0],[20.0,231.0],[22.0,251.0],[25.0,231.0],[35.0,215.0],[45.0,200.0],[50.0,185.0],[55.0,175.0],[60.0,166.0],[65.0,158.0],[70.0,150.0]],[120.0,[1.0,310.0],[6.0,295.0],[12.0,280.0],[18.0,260.0],[20.0,223.0],[22.0,245.0],[25.0,225.0],[35.0,209.0],[45.0,195.0],[50.0,181.0],[55.0,171.0],[60.0,163.0],[65.0,155.0],[70.0,147.0]],[140.0,[1.0,297.0],[6.0,283.0],[12.0,270.0],[18.0,250.0],[20.0,215.0],[22.0,239.0],[25.0,220.0],[35.0,204.0],[45.0,191.0],[50.0,177.0],[55.0,168.0],[60.0,160.0],[65.0,152.0],[70.0,145.0]],[160.0,[1.0,285.0],[6.0,273.0],[12.0,260.0],[18.0,241.0],[20.0,207.0],[22.0,233.0],[25.0,215.0],[35.0,199.0],[45.0,187.0],[50.0,173.0],[55.0,165.0],[60.0,157.0],[65.0,150.0],[70.0,143.0]],[180.0,[1.0,273.0],[6.0,263.0],[12.0,250.0],[18.0,233.0],[20.0,200.0],[22.0,227.0],[25.0,210.0],[35.0,195.0],[45.0,183.0],[50.0,170.0],[55.0,162.0],[60.0,154.0],[65.0,147.0],[70.0,141.0]],[200.0,[1.0,263.0],[6.0,253.0],[12.0,240.0],[18.0,225.0],[20.0,193.0],[22.0,221.0],[25.0,205.0],[35.0,191.0],[45.0,179.0],[50.0,167.0],[55.0,159.0],[60.0,152.0],[65.0,145.0],[70.0,139.0]],[220.0,[1.0,253.0],[6.0,243.0],[12.0,231.0],[18.0,217.0],[20.0,185.0],[22.0,215.0],[25.0,200.0],[35.0,187.0],[45.0,175.0],[50.0,164.0],[55.0,156.0],[60.0,149.0],[65.0,143.0],[70.0,137.0]],[240.0,[1.0,243.0],[6.0,233.0],[12.0,223.0],[18.0,209.0],[20.0,178.0],[22.0,210.0],[25.0,195.0],[35.0,183.0],[45.0,171.0],[50.0,161.0],[55.0,153.0],[60.0,146.0],[65.0,141.0],[70.0,135.0]],[260.0,[1.0,233.0],[6.0,225.0],[12.0,215.0],[18.0,201.0],[20.0,172.0],[22.0,205.0],[25.0,191.0],[35.0,179.0],[45.0,167.0],[50.0,158.0],[55.0,150.0],[60.0,143.0],[65.0,139.0],[70.0,133.0]],[280.0,[1.0,225.0],[6.0,217.0],[12.0,207.0],[18.0,193.0],[20.0,167.0],[22.0,200.0],[25.0,187.0],[35.0,175.0],[45.0,163.0],[50.0,155.0],[55.0,147.0],[60.0,141.0],[65.0,137.0],[70.0,131.0]],[300.0,[1.0,215.0],[6.0,209.0],[12.0,199.0],[18.0,185.0],[20.0,161.0],[22.0,195.0],[25.0,183.0],[35.0,171.0],[45.0,159.0],[50.0,152.0],[55.0,144.0],[60.0,139.0],[65.0,135.0],[70.0,129.0]]]
draw_object_distance=1.00
draw_object_name=1.00
draw_object_value=1.00
draw_player_distance=1.00
draw_player_health=1.00
draw_player_name=1.00
enable_debug_mode=1.00
filter_npc_object=1.00
filter_pink_items=1.00
guide_item=0.00
guide_players=1.00
is_environment_highlight=1.00
is_modify_angle_range=1.00
is_modify_firearm_recoil=1.00
is_modify_scene_fog_mode=1.00
lateral_scale=28
melee_weapons_range=1.00
quick_interact=1.00
shoot_point=2.00
show_bag_items=1.00
show_configuration_items=0.00
show_ray=1.00
simple_mode=1.00
